Model 1 Everything No controls:

Call:
aggte(MP = out_quarterly, type = "dynamic", na.rm = TRUE)

Reference: Callaway, Brantly and Pedro H.C. Sant'Anna.  "Difference-in-Differences with Multiple Time Periods." Journal of Econometrics, Vol. 225, No. 2, pp. 200-230, 2021. <https://doi.org/10.1016/j.jeconom.2020.12.001>, <https://arxiv.org/abs/1803.09015> 


Overall summary of ATT's based on event-study/dynamic aggregation:  
    ATT    Std. Error     [ 95%  Conf. Int.]  
 0.2186        0.0828     0.0563       0.381 *


Dynamic Effects:
 Event time Estimate Std. Error [95% Simult.  Conf. Band]  
        -54  -0.0040     0.0010       -0.0068     -0.0012 *
        -53  -0.0067     0.0007       -0.0087     -0.0047 *
        -52  -0.0068     0.0048       -0.0203      0.0067  
        -51  -0.0033     0.0016       -0.0077      0.0012  
        -50   0.0054     0.0066       -0.0134      0.0242  
        -49  -0.0001     0.0040       -0.0115      0.0113  
        -48   0.0000     0.0036       -0.0101      0.0102  
        -47   0.0027     0.0012       -0.0007      0.0060  
        -46  -0.0028     0.0061       -0.0201      0.0145  
        -45   0.0005     0.0029       -0.0077      0.0087  
        -44   0.0022     0.0024       -0.0047      0.0090  
        -43  -0.0052     0.0371       -0.1102      0.0998  
        -42  -0.0012     0.0038       -0.0121      0.0096  
        -41   0.0041     0.0051       -0.0102      0.0184  
        -40   0.0027     0.0028       -0.0052      0.0106  
        -39   0.0023     0.0037       -0.0083      0.0128  
        -38   0.0024     0.0031       -0.0063      0.0111  
        -37   0.0082     0.0035       -0.0016      0.0180  
        -36   0.0027     0.0028       -0.0053      0.0106  
        -35   0.0040     0.0027       -0.0036      0.0115  
        -34   0.0042     0.0029       -0.0041      0.0125  
        -33   0.0043     0.0030       -0.0043      0.0129  
        -32   0.0015     0.0025       -0.0056      0.0086  
        -31   0.0036     0.0044       -0.0089      0.0162  
        -30   0.0037     0.0039       -0.0073      0.0146  
        -29   0.0062     0.0030       -0.0022      0.0146  
        -28   0.0029     0.0022       -0.0032      0.0091  
        -27   0.0028     0.0029       -0.0054      0.0111  
        -26   0.0036     0.0039       -0.0074      0.0146  
        -25   0.0078     0.0033       -0.0015      0.0170  
        -24   0.0010     0.0029       -0.0071      0.0091  
        -23   0.0042     0.0036       -0.0060      0.0145  
        -22   0.0031     0.0039       -0.0078      0.0141  
        -21   0.0115     0.0047       -0.0018      0.0248  
        -20   0.0043     0.0035       -0.0056      0.0142  
        -19   0.0035     0.0035       -0.0064      0.0134  
        -18   0.0001     0.0039       -0.0108      0.0110  
        -17   0.0057     0.0040       -0.0058      0.0171  
        -16   0.0026     0.0036       -0.0077      0.0128  
        -15   0.0060     0.0033       -0.0032      0.0152  
        -14   0.0030     0.0025       -0.0041      0.0101  
        -13   0.0062     0.0036       -0.0039      0.0163  
        -12  -0.0016     0.0025       -0.0086      0.0054  
        -11   0.0029     0.0037       -0.0075      0.0133  
        -10   0.0021     0.0029       -0.0061      0.0104  
         -9   0.0070     0.0045       -0.0056      0.0197  
         -8   0.0021     0.0022       -0.0042      0.0084  
         -7   0.0054     0.0020       -0.0003      0.0112  
         -6   0.0017     0.0026       -0.0056      0.0089  
         -5   0.0032     0.0032       -0.0058      0.0123  
         -4   0.0042     0.0036       -0.0060      0.0143  
         -3   0.0068     0.0097       -0.0207      0.0342  
         -2   0.0038     0.0070       -0.0160      0.0235  
         -1   0.0076     0.0048       -0.0060      0.0212  
          0   0.0074     0.0040       -0.0040      0.0188  
          1   0.0158     0.0077       -0.0059      0.0375  
          2   0.0215     0.0106       -0.0083      0.0514  
          3   0.0264     0.0139       -0.0131      0.0658  
          4   0.0283     0.0191       -0.0256      0.0823  
          5   0.0340     0.0256       -0.0385      0.1064  
          6   0.0397     0.0330       -0.0537      0.1331  
          7   0.0453     0.0390       -0.0651      0.1557  
          8   0.0485     0.0437       -0.0751      0.1722  
          9   0.0550     0.0458       -0.0744      0.1844  
         10   0.0608     0.0459       -0.0690      0.1906  
         11   0.0660     0.0495       -0.0740      0.2061  
         12   0.0666     0.0506       -0.0764      0.2095  
         13   0.0684     0.0485       -0.0687      0.2055  
         14   0.0704     0.0517       -0.0757      0.2165  
         15   0.0830     0.0571       -0.0784      0.2444  
         16   0.0870     0.0612       -0.0862      0.2602  
         17   0.1033     0.0597       -0.0656      0.2721  
         18   0.1069     0.0597       -0.0620      0.2757  
         19   0.1234     0.0972       -0.1514      0.3983  
         20   0.1259     0.1039       -0.1678      0.4196  
         21   0.1292     0.1120       -0.1876      0.4461  
         22   0.1308     0.1223       -0.2151      0.4766  
         23   0.1510     0.1262       -0.2057      0.5078  
         24   0.1530     0.1316       -0.2191      0.5251  
         25   0.1605     0.1593       -0.2902      0.6111  
         26   0.1632     0.1466       -0.2514      0.5779  
         27   0.1795     0.1583       -0.2680      0.6271  
         28   0.1800     0.1679       -0.2949      0.6549  
         29   0.2138     0.1536       -0.2207      0.6483  
         30   0.2194     0.1604       -0.2343      0.6732  
         31   0.2611     0.1467       -0.1538      0.6760  
         32   0.2671     0.1438       -0.1394      0.6737  
         33   0.2774     0.1244       -0.0745      0.6293  
         34   0.2871     0.1406       -0.1104      0.6846  
         35   0.3197     0.1776       -0.1826      0.8220  
         36   0.3249     0.1718       -0.1610      0.8109  
         37   0.3305     0.1778       -0.1721      0.8332  
         38   0.3375     0.1767       -0.1621      0.8372  
         39   0.3564     0.1727       -0.1320      0.8448  
         40   0.3722     0.1786       -0.1327      0.8772  
         41   0.3859     0.1751       -0.1094      0.8812  
         42   0.3960     0.2316       -0.2591      1.0512  
         43   0.3958     0.1993       -0.1679      0.9595  
         44   0.3908     0.2052       -0.1895      0.9712  
         45   0.3812     0.1845       -0.1405      0.9028  
         46   0.3678     0.1598       -0.0841      0.8198  
         47   0.3660     0.1556       -0.0741      0.8061  
         48   0.3672     0.1691       -0.1111      0.8456  
         49   0.3579     0.1730       -0.1313      0.8470  
         50   0.3536     0.1721       -0.1331      0.8403  
         51   0.3540     0.2048       -0.2251      0.9331  
         52   0.3520     0.2041       -0.2252      0.9293  
         53   0.4211     0.4680       -0.9024      1.7445  
         54   0.4224     0.4719       -0.9122      1.7570  
         55   0.4232     0.5024       -0.9975      1.8440  
         56   0.4235     0.5420       -1.1093      1.9562  
         57   0.3223     0.1541       -0.1135      0.7581  
         58   0.3208     0.2732       -0.4517      1.0933  
---
Signif. codes: `*' confidence band does not cover 0

Control Group:  Not Yet Treated,  Anticipation Periods:  0



Model 2: Everything WITH controls

>> es_quarterly_controls

Call:
aggte(MP = out_quarterly_controls, type = "dynamic", na.rm = TRUE)

Reference: Callaway, Brantly and Pedro H.C. Sant'Anna.  "Difference-in-Differences with Multiple Time Periods." Journal of Econometrics, Vol. 225, No. 2, pp. 200-230, 2021. <https://doi.org/10.1016/j.jeconom.2020.12.001>, <https://arxiv.org/abs/1803.09015> 


Overall summary of ATT's based on event-study/dynamic aggregation:  
     ATT    Std. Error     [ 95%  Conf. Int.] 
 -0.0261        0.0402     -0.105      0.0528 


Dynamic Effects:
 Event time Estimate Std. Error [95% Simult.  Conf. Band]  
        -54  -0.0059     0.0020       -0.0114     -0.0005 *
        -53  -0.0028     0.0016       -0.0073      0.0016  
        -52  -0.0034     0.0015       -0.0075      0.0007  
        -51   0.0009     0.0016       -0.0034      0.0053  
        -50   0.0069     0.0032       -0.0020      0.0158  
        -49   0.0007     0.0113       -0.0306      0.0321  
        -48  -0.0032     0.0050       -0.0172      0.0108  
        -47   0.0031     0.0031       -0.0055      0.0117  
        -46  -0.0015     0.0075       -0.0224      0.0193  
        -45   0.0008     0.0046       -0.0119      0.0134  
        -44   0.0060     0.0055       -0.0092      0.0212  
        -43  -0.0055     0.0402       -0.1175      0.1066  
        -42  -0.0012     0.0058       -0.0174      0.0151  
        -41   0.0010     0.0058       -0.0150      0.0170  
        -40   0.0019     0.0050       -0.0121      0.0160  
        -39  -0.0014     0.0067       -0.0201      0.0173  
        -38   0.0008     0.0044       -0.0113      0.0130  
        -37   0.0013     0.0133       -0.0358      0.0383  
        -36   0.0008     0.0088       -0.0236      0.0252  
        -35  -0.0004     0.0077       -0.0219      0.0212  
        -34  -0.0009     0.0103       -0.0294      0.0277  
        -33  -0.0020     0.0091       -0.0274      0.0234  
        -32  -0.0023     0.0077       -0.0237      0.0192  
        -31  -0.0028     0.0131       -0.0392      0.0337  
        -30   0.0006     0.0122       -0.0334      0.0347  
        -29   0.0006     0.0083       -0.0225      0.0236  
        -28   0.0010     0.0104       -0.0279      0.0300  
        -27  -0.0018     0.0043       -0.0138      0.0103  
        -26   0.0025     0.0135       -0.0349      0.0400  
        -25   0.0006     0.0071       -0.0191      0.0203  
        -24  -0.0029     0.0071       -0.0225      0.0168  
        -23  -0.0036     0.0092       -0.0293      0.0221  
        -22  -0.0005     0.0108       -0.0305      0.0296  
        -21   0.0000     0.0128       -0.0356      0.0356  
        -20  -0.0016     0.0051       -0.0158      0.0126  
        -19  -0.0019     0.0062       -0.0193      0.0155  
        -18  -0.0028     0.0087       -0.0272      0.0215  
        -17  -0.0045     0.0091       -0.0297      0.0207  
        -16  -0.0046     0.0056       -0.0203      0.0111  
        -15  -0.0030     0.0062       -0.0202      0.0142  
        -14  -0.0022     0.0054       -0.0174      0.0129  
        -13  -0.0029     0.0068       -0.0219      0.0160  
        -12  -0.0052     0.0066       -0.0237      0.0132  
        -11  -0.0047     0.0093       -0.0307      0.0212  
        -10  -0.0024     0.0056       -0.0180      0.0132  
         -9  -0.0003     0.0035       -0.0101      0.0094  
         -8  -0.0002     0.0086       -0.0240      0.0236  
         -7   0.0016     0.0050       -0.0122      0.0154  
         -6   0.0006     0.0051       -0.0136      0.0148  
         -5  -0.0025     0.0041       -0.0139      0.0089  
         -4   0.0026     0.0040       -0.0085      0.0136  
         -3   0.0008     0.0021       -0.0051      0.0066  
         -2  -0.0023     0.0032       -0.0112      0.0065  
         -1  -0.0040     0.0048       -0.0174      0.0095  
          0  -0.0027     0.0076       -0.0240      0.0185  
          1  -0.0057     0.0124       -0.0403      0.0290  
          2  -0.0075     0.0143       -0.0474      0.0324  
          3  -0.0111     0.0143       -0.0509      0.0287  
          4  -0.0147     0.0206       -0.0721      0.0426  
          5  -0.0140     0.0268       -0.0885      0.0606  
          6  -0.0117     0.0292       -0.0930      0.0697  
          7  -0.0100     0.0283       -0.0888      0.0689  
          8  -0.0101     0.0279       -0.0878      0.0677  
          9  -0.0081     0.0354       -0.1066      0.0905  
         10  -0.0058     0.0469       -0.1363      0.1248  
         11  -0.0048     0.0593       -0.1699      0.1603  
         12  -0.0053     0.0589       -0.1691      0.1586  
         13  -0.0060     0.0637       -0.1833      0.1713  
         14  -0.0071     0.0578       -0.1679      0.1537  
         15  -0.0015     0.0608       -0.1709      0.1678  
         16  -0.0013     0.0752       -0.2106      0.2081  
         17   0.0045     0.0833       -0.2273      0.2362  
         18   0.0060     0.0823       -0.2232      0.2351  
         19  -0.0013     0.1365       -0.3813      0.3787  
         20  -0.0040     0.1419       -0.3992      0.3911  
         21  -0.0002     0.1459       -0.4065      0.4061  
         22   0.0009     0.1490       -0.4139      0.4157  
         23   0.0037     0.1784       -0.4929      0.5003  
         24   0.0036     0.1922       -0.5316      0.5387  
         25  -0.0318     0.0506       -0.1728      0.1091  
         26  -0.0339     0.0500       -0.1731      0.1054  
         27  -0.0373     0.0459       -0.1651      0.0905  
         28  -0.0404     0.0463       -0.1694      0.0885  
         29  -0.0473     0.0526       -0.1937      0.0991  
         30  -0.0494     0.0559       -0.2049      0.1061  
         31  -0.0632     0.0531       -0.2109      0.0846  
         32  -0.0637     0.0514       -0.2069      0.0795  
         33  -0.0633     0.0525       -0.2094      0.0828  
         34  -0.0632     0.0504       -0.2036      0.0772  
         35  -0.0661     0.0615       -0.2372      0.1051  
         36  -0.0685     0.0653       -0.2503      0.1132  
         37  -0.0674     0.0645       -0.2471      0.1123  
         38  -0.0731     0.0723       -0.2743      0.1282  
         39  -0.0783     0.0719       -0.2784      0.1218  
         40  -0.0850     0.0686       -0.2759      0.1058  
         41  -0.0777     0.0642       -0.2565      0.1011  
         42  -0.0682     0.0695       -0.2618      0.1253  
         43  -0.0673     0.0685       -0.2579      0.1233  
         44  -0.0750     0.0706       -0.2715      0.1215  
         45  -0.0183     0.0812       -0.2443      0.2077  
         46  -0.0205     0.0791       -0.2407      0.1997  
         47  -0.0103     0.0837       -0.2434      0.2228  
         48  -0.0017     0.0866       -0.2427      0.2394  
         49  -0.0058     0.0867       -0.2472      0.2357  
         50  -0.0090     0.0818       -0.2366      0.2187  
         51  -0.0015     0.0935       -0.2619      0.2589  
         52  -0.0036     0.0957       -0.2702      0.2629  
         53   0.0613     0.1036       -0.2272      0.3498  
         54   0.0539     0.1070       -0.2439      0.3516  
         55   0.0514     0.1024       -0.2337      0.3366  
         56   0.0481     0.0961       -0.2193      0.3155  
         57  -0.1729     0.0431       -0.2929     -0.0530 *
         58  -0.1769     0.0460       -0.3051     -0.0488 *
---
Signif. codes: `*' confidence band does not cover 0

Control Group:  Not Yet Treated,  Anticipation Periods:  0
Estimation Method:  Outcome Regression

Model 3: <5% LDS

Call:
aggte(MP = out_quarterly_low, type = "dynamic", na.rm = TRUE)

Reference: Callaway, Brantly and Pedro H.C. Sant'Anna.  "Difference-in-Differences with Multiple Time Periods." Journal of Econometrics, Vol. 225, No. 2, pp. 200-230, 2021. <https://doi.org/10.1016/j.jeconom.2020.12.001>, <https://arxiv.org/abs/1803.09015> 


Overall summary of ATT's based on event-study/dynamic aggregation:  
    ATT    Std. Error     [ 95%  Conf. Int.] 
 0.0038        0.0455    -0.0854       0.093 


Dynamic Effects:
 Event time Estimate Std. Error [95% Simult.  Conf. Band]  
        -54  -0.0071     0.0005       -0.0085     -0.0058 *
        -53  -0.0063     0.0005       -0.0077     -0.0049 *
        -52  -0.0067     0.0062       -0.0232      0.0097  
        -51  -0.0016     0.0085       -0.0243      0.0212  
        -50   0.0049     0.0163       -0.0386      0.0484  
        -49   0.0019     0.0066       -0.0158      0.0196  
        -48  -0.0029     0.0090       -0.0270      0.0212  
        -47   0.0014     0.0077       -0.0190      0.0219  
        -46  -0.0004     0.0139       -0.0376      0.0368  
        -45   0.0009     0.0072       -0.0182      0.0201  
        -44   0.0048     0.0027       -0.0024      0.0119  
        -43   0.0077     0.0080       -0.0135      0.0290  
        -42  -0.0009     0.0047       -0.0135      0.0116  
        -41  -0.0021     0.0041       -0.0131      0.0088  
        -40   0.0004     0.0063       -0.0163      0.0170  
        -39  -0.0003     0.0062       -0.0168      0.0161  
        -38   0.0024     0.0050       -0.0108      0.0157  
        -37   0.0025     0.0040       -0.0081      0.0131  
        -36  -0.0022     0.0044       -0.0139      0.0095  
        -35   0.0000     0.0037       -0.0098      0.0097  
        -34   0.0023     0.0041       -0.0087      0.0133  
        -33   0.0017     0.0030       -0.0063      0.0096  
        -32   0.0032     0.0036       -0.0063      0.0128  
        -31   0.0031     0.0026       -0.0039      0.0100  
        -30   0.0036     0.0028       -0.0039      0.0111  
        -29   0.0031     0.0031       -0.0052      0.0113  
        -28  -0.0009     0.0030       -0.0090      0.0072  
        -27  -0.0022     0.0033       -0.0110      0.0065  
        -26   0.0021     0.0046       -0.0102      0.0144  
        -25  -0.0028     0.0036       -0.0125      0.0068  
        -24  -0.0003     0.0045       -0.0123      0.0118  
        -23  -0.0002     0.0039       -0.0106      0.0102  
        -22   0.0035     0.0099       -0.0230      0.0300  
        -21   0.0026     0.0140       -0.0346      0.0398  
        -20   0.0019     0.0108       -0.0270      0.0307  
        -19  -0.0020     0.0044       -0.0138      0.0097  
        -18  -0.0041     0.0063       -0.0209      0.0127  
        -17  -0.0010     0.0038       -0.0110      0.0090  
        -16   0.0008     0.0023       -0.0052      0.0069  
        -15  -0.0011     0.0026       -0.0080      0.0059  
        -14   0.0036     0.0023       -0.0026      0.0098  
        -13   0.0003     0.0024       -0.0062      0.0068  
        -12  -0.0026     0.0018       -0.0075      0.0024  
        -11  -0.0018     0.0041       -0.0127      0.0092  
        -10   0.0014     0.0038       -0.0088      0.0115  
         -9  -0.0017     0.0040       -0.0123      0.0089  
         -8  -0.0001     0.0039       -0.0104      0.0102  
         -7   0.0029     0.0028       -0.0044      0.0103  
         -6   0.0003     0.0038       -0.0099      0.0106  
         -5  -0.0023     0.0036       -0.0119      0.0073  
         -4   0.0058     0.0162       -0.0374      0.0490  
         -3   0.0018     0.0037       -0.0081      0.0116  
         -2   0.0045     0.0040       -0.0061      0.0151  
         -1   0.0059     0.0041       -0.0049      0.0168  
          0   0.0060     0.0044       -0.0056      0.0177  
          1   0.0063     0.0057       -0.0088      0.0213  
          2   0.0065     0.0098       -0.0197      0.0327  
          3   0.0062     0.0132       -0.0291      0.0416  
          4   0.0062     0.0145       -0.0324      0.0448  
          5   0.0027     0.0152       -0.0379      0.0433  
          6  -0.0019     0.0175       -0.0485      0.0447  
          7  -0.0073     0.0165       -0.0514      0.0369  
          8  -0.0088     0.0171       -0.0542      0.0367  
          9  -0.0039     0.0220       -0.0625      0.0547  
         10  -0.0004     0.0267       -0.0717      0.0709  
         11  -0.0020     0.0269       -0.0739      0.0699  
         12  -0.0008     0.0289       -0.0778      0.0762  
         13  -0.0049     0.0315       -0.0890      0.0792  
         14  -0.0062     0.0319       -0.0912      0.0788  
         15   0.0061     0.0252       -0.0612      0.0733  
         16   0.0037     0.0268       -0.0677      0.0751  
         17   0.0137     0.0315       -0.0703      0.0978  
         18   0.0164     0.0414       -0.0941      0.1269  
         19   0.0028     0.0478       -0.1249      0.1304  
         20   0.0072     0.0576       -0.1464      0.1608  
         21   0.0126     0.0573       -0.1402      0.1654  
         22   0.0184     0.0660       -0.1578      0.1945  
         23   0.0275     0.0816       -0.1903      0.2452  
         24   0.0340     0.0867       -0.1973      0.2652  
         25  -0.0376     0.1552       -0.4516      0.3763  
         26  -0.0374     0.1527       -0.4447      0.3698  
         27  -0.0334     0.1813       -0.5170      0.4503  
         28  -0.0296     0.1456       -0.4181      0.3589  
         29  -0.0114     0.1499       -0.4114      0.3886  
         30  -0.0080     0.1181       -0.3230      0.3071  
         31  -0.0044     0.1869       -0.5029      0.4942  
         32   0.0123     0.2214       -0.5783      0.6029  
         33   0.0199     0.2072       -0.5329      0.5727  
         34   0.0230     0.1722       -0.4364      0.4824  
         35   0.0299     0.1703       -0.4244      0.4843  
         36   0.0346     0.1414       -0.3427      0.4118  
         37   0.0273     0.1869       -0.4713      0.5260  
         38   0.0201     0.1483       -0.3755      0.4158  
         39   0.0182     0.1019       -0.2537      0.2901  
         40   0.0178     0.0906       -0.2239      0.2595  
         41   0.0158     0.0755       -0.1857      0.2173  
         42   0.0158     0.0735       -0.1803      0.2118  
         43   0.0153     0.0632       -0.1532      0.1838  
         44   0.0207     0.0500       -0.1127      0.1540  
         45   0.0198     0.0434       -0.0959      0.1355  
         46   0.0230     0.0342       -0.0681      0.1142  
         47   0.0290     0.0140       -0.0083      0.0664  
         48   0.0198     0.0138       -0.0171      0.0567  
         49   0.0047     0.0168       -0.0401      0.0495  
         50   0.0013     0.0331       -0.0871      0.0897  
         51   0.0020     0.0438       -0.1150      0.1189  
         52  -0.0045     0.0324       -0.0909      0.0819  
         53  -0.0171     0.0158       -0.0591      0.0250  
         54  -0.0183     0.0159       -0.0607      0.0241  
         55  -0.0169     0.0144       -0.0553      0.0214  
         56  -0.0222     0.0159       -0.0646      0.0202  
         57  -0.0210     0.0152       -0.0617      0.0196  
         58  -0.0232     0.0145       -0.0620      0.0156  
---
Signif. codes: `*' confidence band does not cover 0

Control Group:  Not Yet Treated,  Anticipation Periods:  0
Estimation Method:  Outcome Regression

Model 4: >5% LDS:

> es_quarterly_high

Call:
aggte(MP = out_quarterly_high, type = "dynamic", na.rm = TRUE)

Reference: Callaway, Brantly and Pedro H.C. Sant'Anna.  "Difference-in-Differences with Multiple Time Periods." Journal of Econometrics, Vol. 225, No. 2, pp. 200-230, 2021. <https://doi.org/10.1016/j.jeconom.2020.12.001>, <https://arxiv.org/abs/1803.09015> 


Overall summary of ATT's based on event-study/dynamic aggregation:  
    ATT    Std. Error     [ 95%  Conf. Int.] 
 -7e-04        0.0167    -0.0334       0.032 


Dynamic Effects:
 Event time Estimate Std. Error [95% Simult.  Conf. Band] 
         -5   0.0044     0.0041       -0.0061      0.0148 
         -4   0.0004     0.0118       -0.0293      0.0301 
         -3  -0.0001     0.0048       -0.0122      0.0119 
         -2  -0.0077     0.0042       -0.0183      0.0030 
         -1  -0.0122     0.0052       -0.0253      0.0008 
          0  -0.0060     0.0026       -0.0124      0.0005 
          1  -0.0095     0.0060       -0.0245      0.0056 
          2  -0.0065     0.0108       -0.0337      0.0206 
          3  -0.0099     0.0129       -0.0422      0.0224 
          4  -0.0190     0.0183       -0.0650      0.0269 
          5  -0.0188     0.0207       -0.0707      0.0331 
          6  -0.0084     0.0179       -0.0533      0.0366 
          7   0.0006     0.0174       -0.0430      0.0442 
          8   0.0058     0.0191       -0.0421      0.0536 
          9   0.0080     0.0220       -0.0471      0.0631 
         10   0.0086     0.0224       -0.0478      0.0649 
         11   0.0100     0.0238       -0.0497      0.0698 
         12   0.0080     0.0223       -0.0481      0.0641 
         13   0.0074     0.0238       -0.0524      0.0672 
         14   0.0115     0.0219       -0.0436      0.0665 
         15   0.0147     0.0212       -0.0387      0.0680 
         16   0.0187     0.0220       -0.0366      0.0741 
         17   0.0276     0.0297       -0.0469      0.1021 
         18   0.0307     0.0292       -0.0426      0.1040 
         19  -0.0486     0.0306       -0.1254      0.0282 
         20  -0.0392     0.0323       -0.1203      0.0418 
---
Signif. codes: `*' confidence band does not cover 0

Control Group:  Not Yet Treated,  Anticipation Periods:  0
Estimation Method:  Outcome Regression

Model 5: > 30% LDS:

> es_quarterly_very_high

Call:
aggte(MP = out_quarterly_very_high, type = "dynamic", na.rm = TRUE)

Reference: Callaway, Brantly and Pedro H.C. Sant'Anna.  "Difference-in-Differences with Multiple Time Periods." Journal of Econometrics, Vol. 225, No. 2, pp. 200-230, 2021. <https://doi.org/10.1016/j.jeconom.2020.12.001>, <https://arxiv.org/abs/1803.09015> 


Overall summary of ATT's based on event-study/dynamic aggregation:  
    ATT    Std. Error     [ 95%  Conf. Int.] 
 0.0169        0.0379    -0.0574      0.0912 


Dynamic Effects:
 Event time Estimate Std. Error [95% Simult.  Conf. Band] 
        -46  -0.0086     0.0068       -0.0276      0.0103 
        -45   0.0025     0.0043       -0.0094      0.0144 
        -44   0.0099     0.0055       -0.0053      0.0251 
        -43   0.0068     0.0085       -0.0167      0.0302 
        -42  -0.0014     0.0049       -0.0149      0.0121 
        -41  -0.0030     0.0044       -0.0153      0.0093 
        -40   0.0034     0.0072       -0.0164      0.0233 
        -39   0.0001     0.0058       -0.0161      0.0163 
        -38  -0.0063     0.0036       -0.0163      0.0038 
        -37  -0.0054     0.0098       -0.0325      0.0217 
        -36   0.0066     0.0055       -0.0085      0.0218 
        -35   0.0046     0.0076       -0.0164      0.0256 
        -34  -0.0048     0.0061       -0.0216      0.0120 
        -33  -0.0053     0.0043       -0.0171      0.0066 
        -32  -0.0027     0.0032       -0.0116      0.0063 
        -31   0.0006     0.0094       -0.0253      0.0266 
        -30  -0.0010     0.0038       -0.0116      0.0096 
        -29  -0.0081     0.0105       -0.0372      0.0211 
        -28   0.0018     0.0026       -0.0053      0.0089 
        -27  -0.0015     0.0079       -0.0233      0.0203 
        -26   0.0003     0.0041       -0.0111      0.0118 
        -25  -0.0032     0.0045       -0.0157      0.0093 
        -24  -0.0042     0.0051       -0.0182      0.0099 
        -23  -0.0020     0.0032       -0.0109      0.0070 
        -22   0.0003     0.0028       -0.0075      0.0080 
        -21  -0.0063     0.0071       -0.0260      0.0135 
        -20  -0.0016     0.0026       -0.0088      0.0057 
        -19   0.0018     0.0025       -0.0052      0.0087 
        -18   0.0009     0.0032       -0.0081      0.0098 
        -17  -0.0004     0.0041       -0.0116      0.0108 
        -16  -0.0047     0.0034       -0.0140      0.0047 
        -15   0.0007     0.0051       -0.0134      0.0147 
        -14  -0.0025     0.0033       -0.0116      0.0065 
        -13  -0.0029     0.0032       -0.0118      0.0059 
        -12  -0.0029     0.0022       -0.0090      0.0032 
        -11   0.0018     0.0042       -0.0099      0.0135 
        -10  -0.0009     0.0019       -0.0062      0.0044 
         -9  -0.0002     0.0035       -0.0100      0.0097 
         -8  -0.0028     0.0034       -0.0122      0.0065 
         -7   0.0027     0.0037       -0.0075      0.0128 
         -6   0.0003     0.0024       -0.0063      0.0070 
         -5  -0.0066     0.0047       -0.0195      0.0064 
         -4  -0.0007     0.0026       -0.0078      0.0064 
         -3  -0.0007     0.0024       -0.0073      0.0060 
         -2   0.0002     0.0029       -0.0078      0.0083 
         -1  -0.0022     0.0024       -0.0090      0.0045 
          0  -0.0017     0.0022       -0.0078      0.0045 
          1   0.0002     0.0064       -0.0176      0.0180 
          2  -0.0009     0.0070       -0.0204      0.0186 
          3  -0.0052     0.0105       -0.0343      0.0240 
          4  -0.0098     0.0104       -0.0388      0.0191 
          5  -0.0094     0.0115       -0.0412      0.0224 
          6  -0.0071     0.0137       -0.0451      0.0309 
          7  -0.0055     0.0153       -0.0481      0.0370 
          8  -0.0073     0.0151       -0.0491      0.0345 
          9  -0.0087     0.0159       -0.0529      0.0355 
         10  -0.0095     0.0149       -0.0508      0.0317 
         11  -0.0092     0.0164       -0.0548      0.0363 
         12  -0.0102     0.0182       -0.0607      0.0402 
         13  -0.0118     0.0168       -0.0584      0.0348 
         14  -0.0126     0.0160       -0.0569      0.0317 
         15  -0.0138     0.0169       -0.0606      0.0329 
         16  -0.0133     0.0170       -0.0606      0.0339 
         17  -0.0122     0.0198       -0.0672      0.0429 
         18  -0.0089     0.0195       -0.0631      0.0453 
         19  -0.0173     0.0192       -0.0707      0.0361 
         20  -0.0215     0.0214       -0.0808      0.0377 
         21  -0.0188     0.0248       -0.0876      0.0500 
         22  -0.0198     0.0278       -0.0969      0.0572 
         23  -0.0186     0.0310       -0.1046      0.0673 
         24  -0.0203     0.0313       -0.1071      0.0666 
         25  -0.0073     0.0359       -0.1069      0.0924 
         26  -0.0133     0.0398       -0.1236      0.0971 
         27  -0.0054     0.0459       -0.1327      0.1218 
         28  -0.0080     0.0494       -0.1449      0.1289 
         29   0.0142     0.0463       -0.1142      0.1425 
         30   0.0159     0.0499       -0.1224      0.1542 
         31   0.0325     0.0592       -0.1316      0.1966 
         32   0.0349     0.0631       -0.1401      0.2100 
         33   0.0382     0.0567       -0.1190      0.1953 
         34   0.0385     0.0625       -0.1348      0.2117 
         35   0.0282     0.0774       -0.1865      0.2428 
         36   0.0248     0.0804       -0.1983      0.2478 
         37   0.0277     0.0835       -0.2039      0.2594 
         38   0.0300     0.0836       -0.2020      0.2619 
         39   0.0301     0.0844       -0.2040      0.2642 
         40   0.0208     0.0878       -0.2225      0.2642 
         41   0.0215     0.0808       -0.2025      0.2455 
         42   0.0198     0.0933       -0.2389      0.2786 
         43   0.0249     0.0877       -0.2183      0.2681 
         44   0.0221     0.0813       -0.2033      0.2474 
         45   0.0279     0.0753       -0.1810      0.2368 
         46   0.0283     0.0706       -0.1674      0.2240 
         47   0.0400     0.0712       -0.1575      0.2375 
         48   0.0524     0.0804       -0.1705      0.2752 
         49   0.0509     0.0735       -0.1530      0.2549 
         50   0.0469     0.0692       -0.1450      0.2388 
         51   0.1000     0.0610       -0.0692      0.2692 
         52   0.1038     0.0575       -0.0557      0.2634 
         53   0.0973     0.0564       -0.0592      0.2538 
         54   0.0984     0.0554       -0.0552      0.2520 
         55   0.1016     0.0559       -0.0535      0.2568 
         56   0.0973     0.0523       -0.0478      0.2425 
---
Signif. codes: `*' confidence band does not cover 0

Control Group:  Not Yet Treated,  Anticipation Periods:  0
Estimation Method:  Outcome Regression
